<?xml version="1.0"?>
<opencv_storage>
<calibration_time>"Sat 10 Mar 2018 03:22:28 PM GMT"</calibration_time>
<nr_of_frames>20</nr_of_frames>
<image_width>640</image_width>
<image_height>480</image_height>
<board_width>9</board_width>
<board_height>6</board_height>
<square_size>48.</square_size>
<fix_aspect_ratio>1.</fix_aspect_ratio>
<!-- flags: +fix_aspectRatio +fix_principal_point +zero_tangent_dist +fix_k4 +fix_k5 -->
<flags>6158</flags>
<fisheye_model>0</fisheye_model>
<camera_matrix type_id="opencv-matrix">
  <rows>3</rows>
  <cols>3</cols>
  <dt>d</dt>
  <data>
    6.2380975603687602e+02 0. 320. 0. 6.2380975603687602e+02 240. 0. 0.
    1.</data></camera_matrix>
<distortion_coefficients type_id="opencv-matrix">
  <rows>5</rows>
  <cols>1</cols>
  <dt>d</dt>
  <data>
    -4.3869770492146598e-01 3.6276849457686521e-02 0. 0.
    5.0019707173175620e-01</data></distortion_coefficients>
<avg_reprojection_error>1.5664729212869347e-01</avg_reprojection_error>
<per_view_reprojection_errors type_id="opencv-matrix">
  <rows>20</rows>
  <cols>1</cols>
  <dt>f</dt>
  <data>
    1.40619531e-01 1.66056395e-01 1.41157791e-01 1.42581478e-01
    1.60136104e-01 1.56440109e-01 1.75827503e-01 1.54611856e-01
    1.80060580e-01 2.35830531e-01 1.19980432e-01 1.29571483e-01
    1.79855838e-01 1.52388349e-01 1.36207685e-01 1.36294797e-01
    1.30365536e-01 1.60533339e-01 1.38011053e-01 1.56500652e-01</data></per_view_reprojection_errors>
<!-- a set of 6-tuples (rotation vector + translation vector) for each view -->
<extrinsic_parameters type_id="opencv-matrix">
  <rows>20</rows>
  <cols>6</cols>
  <dt>d</dt>
  <data>
    1.9310533542857575e-01 1.3655706838609186e-02 2.4233302550394913e+00
    3.4914070070388675e+02 7.9190309258365588e+00 1.0011250520791522e+03
    -4.3222529296152673e-01 -1.4710224867216382e-01
    -3.0978035644721378e+00 3.0730264419373987e+02
    2.9230930324643754e+02 1.1123136638092581e+03
    -4.6376878695948975e-01 -1.7239430813486742e-01
    -3.0986216821121140e+00 3.2455668749436796e+02
    2.9779248129293177e+02 1.1022103067194573e+03
    -4.7815559696471815e-01 -1.8019200122192483e-01
    -3.1018191737866827e+00 3.3933923635406927e+02
    2.9897735367134339e+02 1.0978743233157522e+03 4.8389580210406791e-01
    1.7641185785400587e-01 3.0912077502229676e+00 3.4866923452372077e+02
    2.9672564475053895e+02 1.0962773098735511e+03 5.2990341438089572e-01
    1.7220624519310695e-01 3.0672836668048138e+00 3.9143649411579929e+02
    2.9320889027806504e+02 1.0811616757339737e+03 5.3505070998296445e-01
    1.6422833086344860e-01 3.0606773787335291e+00 3.9782519497242100e+02
    2.8353665764786859e+02 1.0829587028572544e+03 5.3886237350203636e-01
    1.6835002240778768e-01 3.0557022213156668e+00 4.0476288428163980e+02
    2.8143264395447068e+02 1.0809974519023174e+03 1.9838529791780252e-01
    -2.8389828763884878e-02 2.9878936295461349e+00
    2.4802226294217454e+02 1.0609165493911547e+02 1.0876149303880773e+03
    1.7666041995074222e-01 -2.4125207315690217e-01
    1.4493927005125118e+00 7.2207795476852624e+01
    -1.6907911629004931e+02 1.0582569534796357e+03
    1.7649885183114150e-01 -2.2882901308563527e-01
    1.4174725569963538e+00 7.0656721241385512e+01
    -1.8163100373958724e+02 1.0558153378174834e+03
    1.7008909327754052e-01 -2.4801642566501428e-01
    1.4075659720385285e+00 6.2283750780537297e+01
    -1.8650462257785821e+02 1.0546098266602999e+03
    1.7223726098992656e-01 -2.1628146833612027e-01
    1.3953714569946190e+00 6.7515321891606703e+01
    -1.8227942820693931e+02 1.0541084620065174e+03
    -3.5165992895171755e-01 -2.4983084462210089e-01
    7.4520808737665407e-03 -1.4994337416592734e+02
    6.6219829210095455e+01 1.1088508427086356e+03
    -3.3151445713672717e-01 -2.3312978677567026e-01
    -2.6079362506090335e-02 -1.3183160637670480e+02
    4.2752236238486788e+01 1.1137724343929804e+03
    -3.1042713397748106e-01 -2.0907553838428794e-01
    -6.3780712822628538e-02 -1.0854119525093608e+02
    6.4508013603456114e+00 1.1236890493894678e+03
    -2.7716365186542080e-01 -2.1255280242857449e-01
    -8.5122386517337223e-02 -1.1399124369813330e+02
    -8.2651930157266733e+00 1.1198994832247258e+03
    -2.4493140485487747e-01 -2.7405356636738143e-01
    2.8332411115456174e-02 -1.7197113496134659e+02
    -5.7879125304265003e+01 1.1020856753582973e+03
    -2.5631577991809190e-01 -2.8680573830479034e-01
    1.3599325434947155e-02 -1.8263951018899627e+02
    -4.9825983096593610e+01 1.0950209314574442e+03
    -2.5659460655557448e-01 -2.8313339343273169e-01
    1.2210437586070530e-02 -1.8582537362329836e+02
    -4.0665276800979335e+01 1.0959694739955307e+03</data></extrinsic_parameters>
