image_width: 640
image_height: 480
camera_name: left_camera
camera_matrix:
  rows: 3
  cols: 3
  data: [661.907303, 0.000000, 331.421088, 0.000000, 662.469164, 265.145569, 0.000000, 0.000000, 1.000000]
distortion_model: plumb_bob
distortion_coefficients:
  rows: 1
  cols: 5
  data: [-0.515584, 0.296608, -0.004707, -0.005546, 0.000000]
rectification_matrix:
  rows: 3
  cols: 3
  data: [1.000000, 0.000000, 0.000000, 0.000000, 1.000000, 0.000000, 0.000000, 0.000000, 1.000000]
projection_matrix:
  rows: 3
  cols: 4
  data: [575.291016, 0.000000, 330.482243, 0.000000, 0.000000, 614.352173, 267.522722, 0.000000, 0.000000, 0.000000, 1.000000, 0.000000]
