<?xml version="1.0"?>
<opencv_storage>
<calibration_time>"Sat 10 Mar 2018 03:28:03 PM GMT"</calibration_time>
<nr_of_frames>20</nr_of_frames>
<image_width>640</image_width>
<image_height>480</image_height>
<board_width>9</board_width>
<board_height>6</board_height>
<square_size>48.</square_size>
<fix_aspect_ratio>1.</fix_aspect_ratio>
<!-- flags: +fix_aspectRatio +fix_principal_point +zero_tangent_dist -->
<flags>14</flags>
<fisheye_model>0</fisheye_model>
<camera_matrix type_id="opencv-matrix">
  <rows>3</rows>
  <cols>3</cols>
  <dt>d</dt>
  <data>
    6.0860760969941055e+02 0. 320. 0. 6.0860760969941055e+02 240. 0. 0.
    1.</data></camera_matrix>
<distortion_coefficients type_id="opencv-matrix">
  <rows>5</rows>
  <cols>1</cols>
  <dt>d</dt>
  <data>
    -4.4779446203079692e-01 5.6756101689660332e-01 0. 0.
    -1.2974366992810937e+00</data></distortion_coefficients>
<avg_reprojection_error>1.7264025711640874e-01</avg_reprojection_error>
<per_view_reprojection_errors type_id="opencv-matrix">
  <rows>20</rows>
  <cols>1</cols>
  <dt>f</dt>
  <data>
    1.50861621e-01 1.71155080e-01 1.67152941e-01 1.62671283e-01
    1.37455404e-01 1.66258246e-01 1.39351264e-01 1.68651968e-01
    1.66921973e-01 1.96159497e-01 1.64636359e-01 2.00672582e-01
    1.75749332e-01 1.98617354e-01 1.77735239e-01 2.19429940e-01
    1.41148910e-01 1.66233823e-01 1.74783379e-01 1.82597205e-01</data></per_view_reprojection_errors>
<!-- a set of 6-tuples (rotation vector + translation vector) for each view -->
<extrinsic_parameters type_id="opencv-matrix">
  <rows>20</rows>
  <cols>6</cols>
  <dt>d</dt>
  <data>
    3.2433841927680329e-01 -9.1326217633794560e-02
    2.4146129606141438e+00 3.6075897842290948e+02
    -9.9113114847676997e+01 9.4469576772512664e+02
    -5.1527347392199263e-01 2.2366096977564424e-02
    -3.0751451128262612e+00 3.3068346746797238e+02
    1.7072818452698777e+02 1.0903932686553837e+03
    -5.4905176113312082e-01 -1.3300741982034632e-02
    -3.0738146371426138e+00 3.4637021351993030e+02
    1.7723485688564176e+02 1.0780504393081148e+03
    -5.6217384116974312e-01 -2.1842944805963705e-02
    -3.0770023153827202e+00 3.6142775293788634e+02
    1.7878976481034897e+02 1.0729867942226988e+03
    -5.6854961813242066e-01 -1.8349005153879321e-02
    -3.0817544697051313e+00 3.7006930537941940e+02
    1.7696883131352033e+02 1.0716209598765276e+03 6.1561687310660118e-01
    2.6692602032788785e-02 3.0739715492897521e+00 4.1327236518855449e+02
    1.7422424946268347e+02 1.0533836797613653e+03 6.2367976729835028e-01
    1.0157131073543477e-02 3.0648189709209159e+00 4.1972231718266346e+02
    1.6476866706798381e+02 1.0531139436984554e+03 6.2720068807782392e-01
    2.4849233700397891e-02 3.0617364013618853e+00 4.2610871919124986e+02
    1.6291734931103278e+02 1.0505122826340253e+03 3.2370708174820295e-01
    -1.6672902218033919e-01 2.9786676864477384e+00
    2.6544928796972789e+02 -1.0299720735075942e+01
    1.0444773644970930e+03 3.0149343311758109e-01
    -2.4335127187999742e-01 1.4244166129249680e+00
    9.0794144789976670e+01 -2.7954402792543976e+02
    1.0053756023907755e+03 3.1137918194070074e-01
    -2.4279813190756780e-01 1.3970669595304628e+00
    8.6843163619420963e+01 -2.9408928212210287e+02
    9.9974833077242704e+02 3.0265450606625777e-01
    -2.5997584032875709e-01 1.3866766538900184e+00
    7.8799981040850824e+01 -2.9913977678663338e+02
    1.0004354512522398e+03 3.0983814002189808e-01
    -2.2773284217606737e-01 1.3760734025024077e+00
    8.3204951798033207e+01 -2.9470731565548590e+02
    9.9763765220837809e+02 -2.5692038734201034e-01
    -1.6424699863215872e-01 4.8690834700135625e-03
    -1.2827155695913063e+02 -5.2496196881109093e+01
    1.0963040447347473e+03 -2.3270668612552919e-01
    -1.4776731891963524e-01 -2.8368125580034556e-02
    -1.0943799323680958e+02 -7.7215972239300513e+01
    1.0953971050924063e+03 -2.1131027457725995e-01
    -1.1571483273713240e-01 -6.9231861017463189e-02
    -8.4200618404021739e+01 -1.1697815833307368e+02
    1.1002729565222287e+03 -1.7655866730001291e-01
    -1.2056642027487767e-01 -8.7659445294237109e-02
    -9.1803416239976755e+01 -1.2875513429856963e+02
    1.0947227790324514e+03 -1.3794565609849271e-01
    -1.9102672639697191e-01 2.2389183600371829e-02
    -1.5085869214199920e+02 -1.7591101833381822e+02
    1.0769690423871605e+03 -1.4908612442615629e-01
    -2.0396808165670136e-01 7.8663705049465647e-03
    -1.6091563920071437e+02 -1.6735674706526183e+02
    1.0711329502890424e+03 -1.4995451289113054e-01
    -1.9949016390337543e-01 6.2554492076440770e-03
    -1.6600198623696940e+02 -1.5854816322071326e+02
    1.0744787650609915e+03</data></extrinsic_parameters>
