image_width: 640
image_height: 480
camera_name: right_camera
camera_matrix:
  rows: 3
  cols: 3
  data: [626.419304, 0.000000, 333.449311, 0.000000, 625.990089, 228.301655, 0.000000, 0.000000, 1.000000]
distortion_model: plumb_bob
distortion_coefficients:
  rows: 1
  cols: 5
  data: [-0.459870, 0.228034, 0.000062, 0.000332, 0.000000]
rectification_matrix:
  rows: 3
  cols: 3
  data: [1.000000, 0.000000, 0.000000, 0.000000, 1.000000, 0.000000, 0.000000, 0.000000, 1.000000]
projection_matrix:
  rows: 3
  cols: 4
  data: [543.157532, 0.000000, 337.970753, 0.000000, 0.000000, 580.482483, 226.417172, 0.000000, 0.000000, 0.000000, 1.000000, 0.000000]
